7612371801
6117627602
7337364330
7904193642
7808908377
7121976857
5341875670
8083526258
7256849437
5216123666
7792988332
6036833766
1093889899
5016380480
7105819425
7721827090
1244731064
7857681921
5063362019
7800793430
5275840761
6100329056
1244731064
7038414409
7568910907
8458474484
7792177396
6316439035
5132271666
1816892234
5666534476
1314675206
2016341895
5260333700
7569672050
1559687365
7992875152
1993799190
7511949036
1488162839
6691139610
7791175673
8628672252
1666334411
6278467045
1201463110
8552234115
8472045760
6988554890
6885636048
7245303358
8228053637
8077355308
5467460824
8964558496
980992565
955640243
1579996501
5318612898
6408245167
1625251469
8226430779
8083526258
6272627299
7856212297
8418830783
6279998378
8903055545
8496642507
6381341903
5161291312
1253959738
8711891014
8631228524
6115032405
1764040237
1208809386
1734978067
7284739518
5498907316
8453384147
8339336814
7831391626
1104783769
1207255458
6792168547
825866026
1627895857
8094383615
1636148797
7065371997
7032488255
467206549
7662706160
5511249504
5380599609
8529713424
8509782308
5859683271
5621953309
1012099647
1077594877
8331621334
889280266
986466116
1889368399
1742890754
6170630920
6481119904
8291027194
5185277681
1346545209
7714775342
7257489652
5836673504
6010197854
7370317696
7587820700
8121878055
7016000107
1052068663
6549460071
5539989230
5169541629
8575930514
8254294860
7098706119
5190096634
8736558269
6099743778
6566782204
1336982996
8377932368
1893041187
8941233514
5467671153
1273607580
1926166645
6075415384
7532663416
5016649183
8899765594
2071470412
8486230580
7950693162
6617990457
7093005136
5277087106
5977856261
6957728591
5127377537
6865573453
8461058893
8483885492
7163500420
6437626111
8134901328
6354418984
7261090386
7370774314
5124895309
6036833766
5597459316
715857982
7912039043
8482052446
7050927128
7868145640
812518384
7036136008
1010640572
6905563147
5090560581
7751112343
1370820991
6595930538
1100960260
5628750644
1796382402
1340306469
1087929553
6140892979
6074082977
1675017014
5468794972
7923864768
1708167559
2114177871
5877751903
2092244816
6157844792
6897515488
967301696
7316046321
8018797306
1958388983
5092620136
6173981125
737775804
1506676506
5718304981
8995944207
6108994863
1886925130
789358707
6957221322
6083215191
1591999162
6196627047
8257733008
7508712269
2051917367
6927716229
8575662675
6239984934
6637444042
6813410157
5323412746
5085388834
7812037697
5484423079
742376794
6857328208
2014377427
5107195898
7923046840
734847098
8690323989
6568806950
6376007274
6468931842
7240278308
8206544446
8542126887
6638275894
7184751215
7069211954
8381190503
1279979370
1930865051
8421660724
6252146192
6381126508
5159449437
6765406550
8137417824
8718699922
2110292522
1733400480
7152040738
7695569473
6660422436
1394318415
5240134851
6197408868
1403615414
7934490409
7641322433
2026565584
6226156351
1741959757
7940208282
7991277321
6147539870
1908253311
1829135404
1720502009
1222201265
8592036685
5069001649
5628278106
1558734656
6202553413
7176752987
7640316957
7804614221
8744981158
8584461302
6292098431
1802298259
706692663
7710856149
5014371171
5414957318
2061192997
1020481133
1576340489
5578219663
6802592914
973612100
8844317803
5558483673
7330062994
7781821710
8380751296
8230167926
1240476479
6895394713
944388254
8090712349
1452012937
1317923685
8332505040
8615861145
7686318304
930051209
7970173247
8187740552
5590955452
8107818538
1711184553
1969252091
1667494446
8502937007
8509068279
1332889376
7799558493
1632572973
837238721
6474171344
1053469810
8133268627
6805111808
5844378637
6764732951
8285122741
7809325246
1157551611
7946528480
1042445251
7203857366
6681596553
616742764
5859127176
8185108983
1198020266
5692240351
1750672842
1126926286
1255638061
6882651125
5870719692
5575543519
5737051802
5139292637
5139361922
8816643521
1740154341
6740803441
1153102652
935823731
7922155458
7518422095
7249646332
5030612971
5958323382
5400977692
6138968857
7441843220
1477808210
5220613795
2105810562
8864943982
6187634809
1561576057
1174454389
5450972627
1853580653
5131262251
6319515797
8517744343
7254973797
2047959264
7293027789
1340852772
5290018550
5800786934
5884904390
5265753054
6559021035
5634692006
8395581719
7358103397
5916605964
6471533165
1821238016
2064843636
1016580361
6102355235
8006287754
5709202032
1400787428
7830769776
5962628168
6075773969
1412230687
5288312244
8067557122
5145707837
7577377796
8636554944
1694685550
2055142757
1283845126
1271696887
7697918030
7124536604
5572970600
5005319183
7942095765
5225866418
6164875974
1420331774
925620088
5736846648
5317882982
1165183215
8632431230
826528698
7284537841
1365700660
1307988345
1309665049
6477526117
7118969092
7292016132
7261976949
7565977117
6570037504
1536372798
5298496449
1700464051
8383429946
8728674915
8071191348
7917449698
5269302464
6220439528
6109207784
1882094159
1695906027
7413381999
6271828873
1012910132
5668934181
5695660351
6711430014
1925867213
5565019062
1683084833
6382504148
5492765288
1464721079
6044401880
8049293027
8123911472
1603314911
8303625261
6959614401
8011111340
8181537604
6683412991
7972797309
6038089799
5609945654
8357303571
6691244307
5790938110
8403787416
1014699985
8426063496
7470745931
6313968670
7145886203
5221232075
5809074714
6025187772
8507827973
1111651963
1302811171
8796255515
1720148427
1233420092
7456407040
6028514421
8016782294
7311698153
7661463104
1282528800
1639910849
8259340603
2007548156
8567610254
8280808083
1630130765
7864549448
7671745169
1659060438
6774021513
6047268905
5829349231
6480644686
5314611768
8433649642
8688532324
6728731805
8964690232
7687405352